{
 "cells": [
  {
   "cell_type": "code",
   "execution_count": 1,
   "metadata": {
    "collapsed": true
   },
   "outputs": [],
   "source": [
    "import numpy as np\n",
    "import matplotlib.pyplot as plt"
   ]
  },
  {
   "cell_type": "code",
   "execution_count": 2,
   "metadata": {
    "collapsed": false
   },
   "outputs": [],
   "source": [
    "class unfold:\n",
    "    def __init__(self, events, incorrAss = 0.0, deficit = 1):\n",
    "        \"\"\"\n",
    "        Prameters:\n",
    "        events: ndarray\n",
    "            messaered Events\n",
    "        incorrAss: float \n",
    "            incorrect Assigment \n",
    "        deficit: float\n",
    "            loss of results\n",
    "        Returns:\n",
    "        ansM = answer matrix\n",
    "        b = invert answer matrix\n",
    "        \"\"\"\n",
    "        self.events = events\n",
    "        self.deficit = deficit\n",
    "        self.incorrAss = incorrAss\n",
    "        self.zw = np.ones(len(events))-incorrAss  \n",
    "        self.zw[1:-1] = self.zw[1:-1] -incorrAss\n",
    "        self.ansM = deficit*(np.diagflat(self.zw) + np.diagflat(np.array([incorrAss]*(len(events)-1)),-1) + np.diagflat(np.array([incorrAss]*(len(events)-1)),1))\n",
    "        self.B = np.matrix(np.linalg.inv(self.ansM))\n",
    "      \n",
    "    def calcKov(self):\n",
    "        self.Kov = self.B*np.diagflat(self.events)*np.transpose(self.B)\n",
    "        return self.Kov\n",
    "        \n",
    "    def trueEvents(self):\n",
    "        self.f = self.B*np.array(self.events).reshape(len(self.events),1)\n",
    "        return self.f"
   ]
  },
  {
   "cell_type": "markdown",
   "metadata": {},
   "source": [
    "# Aufgabe 2"
   ]
  },
  {
   "cell_type": "markdown",
   "metadata": {},
   "source": [
    "## d)"
   ]
  },
  {
   "cell_type": "code",
   "execution_count": 3,
   "metadata": {
    "collapsed": false
   },
   "outputs": [
    {
     "name": "stdout",
     "output_type": "stream",
     "text": [
      "[[ 399.63378906  -81.07910156]\n",
      " [ -81.07910156  339.08691406]]\n",
      "f =  [[ 254.84375]\n",
      " [ 206.40625]]\n"
     ]
    }
   ],
   "source": [
    "a = unfold(np.array([200,169]), deficit=0.8, incorrAss=0.1)\n",
    "print(a.calcKov())\n",
    "print(\"f = \",a.trueEvents())"
   ]
  },
  {
   "cell_type": "markdown",
   "metadata": {},
   "source": [
    "## e)"
   ]
  },
  {
   "cell_type": "code",
   "execution_count": 4,
   "metadata": {
    "collapsed": false
   },
   "outputs": [
    {
     "name": "stdout",
     "output_type": "stream",
     "text": [
      "[[ 3868.75   -3459.375 ]\n",
      " [-3459.375   3626.5625]]\n",
      "f =  [[ 327.5 ]\n",
      " [ 133.75]]\n"
     ]
    }
   ],
   "source": [
    "b = unfold(np.array([200,169]), deficit=0.8, incorrAss=0.4)\n",
    "print(b.calcKov())\n",
    "print(\"f = \",b.trueEvents())"
   ]
  },
  {
   "cell_type": "markdown",
   "metadata": {
    "collapsed": true
   },
   "source": [
    "# Aufgabe 3"
   ]
  },
  {
   "cell_type": "code",
   "execution_count": 5,
   "metadata": {
    "collapsed": false
   },
   "outputs": [
    {
     "name": "stdout",
     "output_type": "stream",
     "text": [
      "gemessenen Ereignisszahlen  wahre Verteilung\n",
      "290 193\n",
      "470 485\n",
      "644 664\n",
      "784 783\n",
      "823 804\n",
      "807 805\n",
      "788 779\n",
      "734 736\n",
      "689 684\n",
      "623 626\n",
      "579 566\n",
      "533 508\n",
      "458 452\n",
      "391 400\n",
      "337 351\n",
      "295 308\n",
      "281 268\n",
      "228 233\n",
      "193 202\n",
      "181 173\n"
     ]
    },
    {
     "data": {
      "image/png": "iVBORw0KGgoAAAANSUhEUgAAAg8AAAFkCAYAAACn/timAAAABHNCSVQICAgIfAhkiAAAAAlwSFlz\nAAAPYQAAD2EBqD+naQAAIABJREFUeJzt3Xt8VNW99/HPj0tISMwFEVCBRxFQlEolKBcNirQgltbb\nwRr1iHpU9LGtUvVBrdYU1CJVsSpabe3Rqo1H8UKrHqDFe6FQiVAqaL1g8RYgJk6YZMgAWc8fM0kn\nFyBrMplJyPf9es0LZ+219l57m9fMd9bee21zziEiIiLSUl1S3QERERHpWBQeRERExIvCg4iIiHhR\neBAREREvCg8iIiLiReFBREREvCg8iIiIiBeFBxEREfGi8CAiIiJeFB5ERETEi3d4MLMsM7vHzD4x\ns2oze8vMRjWqM9vMvogu/5OZDW60PM/MnjSzgJlVmNlvzCyztTsjIiIibS+ekYdHgInAecBw4E/A\nn83sQAAzmwX8AJgBHAdUAUvMLC1mHb8HhkXX8x1gPPBQnPsgIiIiSWQ+D8Yys3RgG/Bd59zimPK3\ngZedcz81sy+AXzjn5keXZQObgenOuafNbBjwLpDvnHsnWmcy8BLQ3zlXmqB9ExERkTbgO/LQDegK\n1DQqDwEnmNmhQD9gWd0C51wlsBIYGy0aA1TUBYeoPwMOGO3ZHxEREUmybj6VnXNBM1sB3Gxm7xEZ\nUTiXSDD4gEhwcNHyWJujy4j+u6XReneZWXlMnQbMbH9gMvAJsN2nzyIiIp1cOnAIsMQ591UiVugV\nHqLOB34LfA7sBEqIXMMwcg9tjEio2JM91ZkMPOnXTREREYlxHpHv61bzDg/OuY3ABDPLALKdc5vN\n7ClgI1BKJAT0peHoQx+g7jRFafR9PTPrCuTRdMSizicATzzxBMOGDfPtssRp5syZzJ8/P9Xd6FR0\nzJNPxzz5dMyTa8OGDZx//vkQ/S5NhHhGHgBwzoWAkJnlERkZuNY5t9HMSoncRfF3qL9gcjSwINp0\nBZBrZsfEXPcwkUjoWLmbzW0HGDZsGCNH7mmAQxIpJydHxzvJdMyTT8c8+XTMUyZhp/29w4OZTSLy\nRf8+MASYB2wAHo1WuQe4ycw+JJJy5gCfAYsAnHPvmdkS4NdmdgWQBtwHFOtOCxERkfYvnpGHHODn\nwMFAObAQuMk5twvAOTfPzHoSmbchF3gTmOKcC8es41zgfiJ3WdRG13FVvDshIiIiyRPPNQ/PAM/s\npU4RULSH5V8TufBSREREOhg920J2q7CwMNVd6HR0zJNPxzz5dMw7Pq8ZJlPFzEYCq1evXq2LbERE\nRDyUlJSQn58PkZmdSxKxzrjvthARkd3btGkTZWVlqe6GdBK9e/dm4MCBSduewoOISIJt2rSJYcOG\nUV1dnequSCfRs2dPNmzYkLQAofAgIpJgZWVlVFdXa2I7SYq6SaDKysoUHkREOjpNbCf7Kt1tISIi\nIl4UHkRERMSLwoOIiIh4UXgQERERLwoPIiLSbpx00kkcffTRqe6G7IXuthARSbJQKEQ4HN57xTaU\nlpZGRkZGSvvQHDNLdRekBRQeRESSKBQK8eqiReyqqEhpP7rm5THhtNPaZYCQ9k/hQUQkicLhMLsq\nKhiZkUFWenpK+hDcvp2SigrC4fA+FR5qampIS0vT6EUS6JoHEZEUyEpPJyczMyWv1oSWdevW0aVL\nF1588cX6spKSErp06cKoUaMa1J0yZQrjxo0DYNGiRUydOpWDDz6Y9PR0Bg8ezK233kptbW2z29mw\nYQMTJkwgMzOT/v3784tf/KLB8tdff50uXbrwP//zP9x0000MGDCAzMxMtm3bBkAgEODqq69m4MCB\npKenM2TIEObNm0dHeBhkR6CRBxERabHhw4eTm5vLG2+8wdSpUwF488036dKlC2vXriUYDJKVlYVz\njhUrVnD55ZcD8Nhjj7HffvtxzTXXkJWVxSuvvMJPf/pTtm3bxh133NFgG+Xl5UyZMoUzzzyTc845\nh4ULF3L99ddz9NFHM3ny5AZ158yZQ48ePbj22mvrRx5CoRDjx4/niy++4IorrmDAgAEsX76cG264\ngdLSUu6+++7kHKx9mMKDiIi0mJlx/PHH8+abb9aXvfnmm5xxxhksWrSI5cuXM2nSJNasWUNlZSUn\nnHACAMXFxfTo0aO+zWWXXUZeXh4PPPAAt956K927d69f9uWXX/L4449z7rnnAnDxxRczcOBAHnnk\nkSbhoaamhpKSEtLS0urLbr31VjZu3MiaNWsYNGgQAJdeeikHHnggd955J9dccw0HH3xw4g9OJ6LT\nFiIi4qWgoICSkhJCoRAAb731FqeeeiojRoyoDxV1oxHHH388QIPgEAwG+eqrrzjhhBOorq7mvffe\na7D+zMzM+uAA0L17d0aPHs3HH3/cpC8XXnhhg+AAsHDhQgoKCsjJyeGrr76qf02cOJGdO3fyxhtv\nJOZAdGIaeRARES8nnHACO3bsYMWKFfTv35+tW7dSUFDAP/7xj/rw8NZbb3HkkUeSl5cHwPr16/nJ\nT37Cq6++SmVlZf26zIxAINBg/QMGDGiyzby8PNatW9ek/JBDDmlS9sEHH7Bu3ToOOOCAJsvMjC1b\ntnjtrzSl8CAiIl6OPfZY0tPTeeONNxgwYAB9+vRh8ODBFBQU8OCDDxIOh3nrrbc488wzgcjFi+PH\njyc3N5dbb72VQYMGkZ6ezurVq7n++uubXDTZtWvXZrfb3MWOzd0tUltby7e//W1mzZrVbJuhQ4fG\ns9sSQ+FBRES8dO/eneOOO4433niDgQMHUlBQAEROZ4TDYZ588klKS0vry1977TUqKipYtGhR/WkM\ngI8++qhN+nfYYYcRDAaZMGFCm6xfdM2DiIjEoaCggJUrV/Laa6/Vh4T999+fww8/nDvuuAMzqy/v\n2rUrzrkGIwzhcJgHHnigTfp29tlns2LFCpYuXdpkWSAQYNeuXW2y3c5EIw8iIikQ3L69Q2+7oKCA\n2267jU8//bQ+JACMHz+ehx56iEMPPZSDDjoIgHHjxpGXl8cFF1zAj370IwCeeOKJNpvM6brrruMP\nf/gDU6dO5cILLyQ/P5+qqir+/ve/89xzz/HJJ5/Qq1evNtl2Z+EVHsysC/Az4DygH/AF8Khz7tZG\n9WYDlwC5wF+AK5xzH8YszwPuB6YCtcCzwFXOuar4d0VEpP1LS0uja14eJRUVEL1bIRW65uU1uUvB\nx7hx4+jatStZWVmMGDGivrygoICHH36Y8ePH15f16tWLl156iWuuuYabb76ZvLw8/vM//5OTTz65\nya2XsPvnWzQu3129jIwM3njjDW6//XaeeeYZHn/8cbKzsxk6dCizZ88mJycnnl2WGOYz25aZ3Qhc\nDVwArAdGAY8CNzrn7o/WmQXMAqYDG4FbgW8Aw5xz4Wid/wX6ApcBadF1rHLOnb+b7Y4EVq9evZqR\nI0d676SISDKVlJSQn5/P7j6z9GAsSaS9/b3VLQfynXMlidim72mLscAi59zi6PtNZnYucFxMnauA\nOc65PwKY2QXAZuB04GkzGwZMJrIT70Tr/BB4ycyudc6Vxr87IiLtX0ZGhr64pUPzDQ/LgUvNbIhz\n7gMzGwEcD8wEMLNDiZzOWFbXwDlXaWYriQSPp4ExQEVdcIj6M+CA0cCieHdG2l5rfjHpl46IyL7B\nNzzMBbKB98xsF5G7NX7inHsqurwfkRCwuVG7zdFldXUazNDhnNtlZuUxdSRBEvll39pHCesRwCIi\n+wbf8PB94FzgHCLXPHwT+KWZfeGce3wP7YxIqNiTltQRD6FQiMXPPENNWVlc7Xv07s0p06bVf9mH\nw2GqN2/mqO7dyfR8Kl/V9u28u3nzPvcIYBGRzsg3PMwDbnfOPRN9/66ZHQLcADwOlBIJAX1pOPrQ\nB6g7TVEafV/PzLoCeTQdsWhg5syZTa6SLSwspLCw0HM3OodAIMDy10rotTODHjEPnWmJmh07KO+2\nibGTJtV/2YdCIVau3cgmyybD8yrtUDjMl66SE0IhXeksItJGiouLKS4ublDWePrvRPANDz1pOjpQ\nS3SyKefcRjMrBSYCfwcws2wi1zIsiNZfAeSa2TEx1z1MJBI6Vu5p4/Pnz9fdFh7C4TDBUDcOzRlF\nr/3yvNqWb6tgU2BFg1MedetLzxlBXpbf+ty2CoKN1iciIonV3A/qmLstEsY3PPwR+ImZfQq8C4wk\ncrHkb2Lq3APcZGYfAp8Ac4DPiF4I6Zx7z8yWAL82syuI3Kp5H1CsOy3aRnpaBpnpWV5tqmt2P4lM\notcnIiIdi294+AGRMLCAyKmHL4AHo2UAOOfmmVlP4CEik0S9CUypm+Mh6lwik0T9mcjIxUIit3iK\niIhIO+cVHqIzQP44+tpTvSKgaA/LvwaanRBKRERE2jc926Id0lwKIiLSnik8tDOdaS4FhSQRkY5J\n4aGdCYfD7KqoYGRGBlmecykEt2+npKKiQ8ylkOg5KEREJHkUHtqprPR0cjIz/Rum8Cl9PhI9B4VI\nR6IHY0lHp/AgKZHoOShEOopQKMSiRa9SUbErpf3Iy+vKaadNUICQuCg8SEppzgjpbMLhMBUVu8jI\nGEm6599+omzfHqSioqRDnOKU9qlLqjsgItIZpadnkZmZk5JXIkLLa6+9xqhRo8jIyGDIkCE8/PDD\nFBUV0aVLw6+VJ554glGjRtGzZ0/2339/CgsL+eyzzxrUOemkkzj66KNZt24dJ510EpmZmQwZMoRn\nn30WgNdff50xY8bQs2dPjjjiCJYtW0ZjX3zxBRdffDH9+vUjPT2d4cOH89vf/rZJvfvuu4/hw4eT\nmZlJr169OPbYY3nqqafqlweDQa6++moOPfRQ0tPT6du3L5MmTWLNmjUN1rNy5UpOOeUUcnNzyczM\n5KSTTmL58uUN6tQdj48++ogLL7yQvLw8cnNzufjii9m+vemPoJYcq/ZC4UFERLy88847TJkyhYqK\nCubMmcN//dd/MWfOHBYtWoSZ1de77bbbmD59Oocffjjz589n5syZLFu2jBNPPJHKysr6emZGeXk5\n3/3udxkzZgy/+MUvSE9Pp7CwkKeffprCwkKmTp3KHXfcQVVVFdOmTaOqqqq+/ZYtWxg9ejSvvPIK\nP/rRj7j33nsZMmQIl1xyCffee299vV//+tdcddVVDB8+nF/+8pfMnj2bY445hpUr//1khBkzZvDQ\nQw8xbdo0HnzwQa677joyMzPZsGFDfZ1XXnmFE088kWAwSFFRET//+c8JBAKcfPLJvP322w32C+Ds\ns8+mqqqKuXPn8v3vf5/HHnuMn/3sZw2OaUuPVXuh0xbtUE04TKC62rtdoLqaGl0HICJt7JZbbqFb\nt24sX76cvn37ApEvyCOOOKK+zr/+9S+Kioq4/fbbmTVrVn35mWeeyTe/+U0eeOABrr/++vryL7/8\nkuLiYs4++2wAvvWtb3HEEUdw3nnnsXz5co499lgAjjjiCCZPnsyzzz7LBRdcAMCNN96Ic441a9aQ\nm5sLwGWXXca5555LUVERM2bMoEePHrz88ssMHz68wUhDYy+//DKXXnop8+bNqy+79tprG9S54oor\nmDhxIi+99FJ92YwZMzjyyCO56aabWLx4cYP6+fn5PPzww/Xvy8rKeOSRR/j5z38OwKZNm7yOVXug\n8NDO6MmVItKe1dbWsmzZMs4888z64AAwaNAgpkyZwosvvgjAc889h3OOadOm8dVXX9XX69OnD0OG\nDOHVV19t8IWYlZVVHxwAhg4dSm5uLv37968PDgCjR48G4OOPP64ve+655/j+97/Prl27Gmxr0qRJ\nPPXUU5SUlDB27Fhyc3P57LPPePvttxk1alSz+5ebm8uqVav48ssvOfDAA5ssX7NmDR988AE333xz\ng20555g4cSJPPPFEg/pmxowZMxqUFRQU8MILLxAMBsnKyuLZZ5/1OlbtgcJDO6MnV4pIe7ZlyxZC\noRCDBw9usiy27MMPP6S2trbZemZGWqMfR/37929SLycnhwEDBjQoy87OBqAiOpHe1q1b+frrr3n4\n4Yd56KGHmt3Wli1bAJg1axbLli3juOOOY/DgwUyaNIlzzz2XcePG1defN28eF154IQMGDCA/P59T\nTz2VCy64gEMPPRSADz74AKB+1KOxLl26EAgEGvyAGzhwYIM6eXl59fuQlZXlfazaA4WHdkp3IYhI\nR1ZbW0uXLl1YvHhxk4soITLSEKtr167Nrmd35c65+u0AnH/++UyfPr3ZukcffTQQOeXx/vvv8+KL\nL7J48WKee+45HnjgAW655RZuueUWAKZNm8b48eN5/vnnWbp0KXfeeSd33HEHzz//PJMnT67f3l13\n3cWIESOa3V5L9y12H3yOVXug8CAiIi3Wp08fMjIy+PDDD5ssq/tVDnDYYYfhnOOQQw5p9hd1ohxw\nwAHst99+7Nq1i5NPPnmv9TMyMpg2bRrTpk1j586dnHHGGdx2223ccMMN9b/w+/bty+WXX87ll19O\nWVkZxxxzDLfddhuTJ0/msMMOA2C//fZr0fZaIlnHKpF0t4WIiLRYly5dmDhxIi+88AKlpaX15R9+\n+GGDCwXPPPNMunTp0uSugjrl5eUJ689ZZ53Fs88+y7vvvttkeVnMFPiNt9mtWzeGDRtGbW0tO3bs\noLa2tsmdDb179+aggw6ipqYGiFz8eNhhh3HnnXc2uOOjue21VLKOVSJp5EFERLwUFRWxdOlSxo0b\nxxVXXMHOnTtZsGAB3/jGN+rnQxg0aBC33norN954Ixs3buT0009nv/324+OPP+aFF15gxowZ/PjH\nP05If+bOnctrr73G6NGjufTSSznyyCMpLy9n9erVvPLKK/Vf6JMmTaJfv34cf/zx9O3bl/Xr17Ng\nwQK++93vkpmZSSAQoH///vzHf/wHI0aMICsriz/96U+8/fbb3H333UDkGoTf/OY3nHrqqRx11FFc\ndNFFHHzwwXz++ee8+uqr5OTksGjRIq/+J/NYJYrCg4hICmzfHuyw2x45ciSLFy/m2muv5ac//SkD\nBgxgzpw5rF+/nvfee6++3qxZs+rnLZg9ezYAAwYM4JRTTuF73/teg3XGzg8RW9aS8j59+rBq1Spm\nz57N888/z4MPPsj+++/PUUcd1eCWy8svv5wnn3yS+fPnEwwG6d+/P1dffTU/+clPAOjZsydXXnkl\nS5cu5fnnn6+/iPHBBx/ksssuq1/PiSeeyIoVK5gzZw4LFixg27ZtHHjggYwePbrJnRUt5XOs2gOF\nB9ln6BHf0hGkpaWRl9eVioqSlD7HLi+va6uu4j/ppJMaTIgEcMYZZzS5a+L000/n9NNP3+O6Xn31\n1WbLY2/HjLVrV9PngvTu3Zt77723waRQjV1yySVccsklu13evXt35s6dy9y5c/fYX4hchPnMM8/s\nsU7shZixpk+f3uzFnS05Vu2FwoPsE/SIb+koMjIyOO20CSm/pbq1gbmmpoYePXrUv//ggw94+eWX\nueiiixLRPWnnFB5kn6BHfEtHkpGR0eH/1gYNGsT06dMZNGgQn3zyCb/61a9IT0/nuuuuS3XXJAkU\nHmSfoEd8iyTXKaecwlNPPUVpaSk9evRg3Lhx3H777fW3Msq+TeFB9imaXEskOR555JFUd0FSSPM8\niIiIiBeFBxEREfGi8CAiIiJevMKDmW00s9pmXvdFl/cwswVmVmZm28xsoZn1abSOAWb2kplVmVmp\nmc0zM4UYERGRDsL3gslRQOzjwb4BLAWejr6/B5gCnAVUAguAZ4ECgGhIeBn4AhgDHAQ8DoSBm+La\nAxGRdmrDhg2p7oJ0Aqn4O/MKD865r2Lfm9l3gY+cc2+aWTZwMXCOc+716PKLgA1mdpxzbhUwGTgC\nmOCcKwPWmdnNwFwzK3LO7UzAPomIpFTv3r3p2bMn559/fqq7Ip1Ez5496d27d9K2F/etmmbWHTgP\nuDNaNCq6vmV1dZxz75vZJmAssIrIaMO6aHCoswR4EDgKWBtvf0RE2ouBAweyYcOGuJ6wKBKP3r17\nM3DgwKRtrzXzPJwB5ACPRd/3BcLOucpG9TYD/aL/3S/6vvHyumUKDyKyTxg4cGBSP8xFkqk14eFi\n4H+dc6V7qWeAa8H69lpn5syZ5OTkNCgrLCyksLCwBasXERHZtxUXF1NcXNygLBAIJHw7cYUHMxsI\nfAuIffxXKZBmZtmNRh/68O/RhVLg2Ear6xv9t/GIRBPz589n5MiR8XRZRERkn9fcD+qSkhLy8/MT\nup14b5G8mMiX/csxZauBncDEugIzGwoMBJZHi1YA3zCz2Ks6JgEBYH2cfREREZEk8h55MDMDLgQe\ndc7V1pU75yrN7BHgbjOrALYB9wJ/cc79LVptKZGQ8LiZzQIOBOYA9zvndrRqT0RERCQp4jlt8S1g\nAPDfzSybCewCFgI9gMXAlXULnXO1ZjaVyN0Vy4Eq4FHgljj6ISIiIingHR6cc3+i4URRsctqgB9G\nX7tr/ykw1Xe7IslWXl5OMBj0bpeVlUWvXr3aoEciIu2DHskt0ozy8nLuKLqLyq013m2zD+jBrKJr\nFCBEZJ+l8CDSjGAwSOXWGoZmjiKnZ3aL2wWqK/nn1rcJBoMKDyKyz1J4ENmDnJ7ZHJDjOeVrVdv0\nRUSkvdDTLEVERMSLwoOIiIh4UXgQERERL7rmIQFCoRDhcDiutmlpaWRkZCS4RyIiIm1H4aGVQqEQ\nry5axK6Kirjad83LY8JppylAiIhIh6Hw0ErhcJhdFRWMzMggKz3dq21w+3ZKKioIh8MKDyIi0mEo\nPCRIVno6OZmZ/g1DocR3RkREpA0pPCRATThMoLrau12gupqaOK+VEBERSRWFh1YKhUKsXLuRTZZN\nRlqaX9twmC9dJSeEQuTk5LRRD0VERBJL4aGVwuEwwVA30nNGkJeV59XWbasgGFgR950aIiIiqaDw\nkCDpaRlkpmd5tamu2d5GvREREWk7miRKREREvCg8iIiIiBeFBxEREfGi8CAiIiJeFB5ERETEi+62\nEEmC8vJygsFgXG2zsrLo1atXgnskIhI/hQeRNlZeXs4dRXdRubUmrvbZB/RgVtE1ChAi0m4oPIi0\nsWAwSOXWGoZmjiKnZ7ZX20B1Jf/c+jbBYFDhQUTaDYUHkSTJ6ZnNATm9/RtWJb4vIiKt4X3BpJkd\nZGaPm1mZmVWb2VozG9mozmwz+yK6/E9mNrjR8jwze9LMAmZWYWa/MbM4HkkpIiIiyeYVHswsF/gL\nUANMBoYB1wAVMXVmAT8AZgDHEfndtMTMYp8a9fto24nAd4DxwENx74WIiIgkje9pi+uBTc65S2LK\n/tWozlXAHOfcHwHM7AJgM3A68LSZDSMSPPKdc+9E6/wQeMnMrnXOlcaxHyIiIpIkvqctvgu8bWZP\nm9lmMysxs/ogYWaHAv2AZXVlzrlKYCUwNlo0BqioCw5RfwYcMDqOfRAREZEk8g0Pg4ArgPeBScCv\ngHvN7Pzo8n5EQsDmRu02R5fV1dkSu9A5twsoj6kjIiIi7ZTvaYsuwCrn3M3R92vN7CgigeKJPbQz\nIqFiT1pSR0RERFLMNzx8CWxoVLYBODP636VEQkBfGo4+9AHeianTJ3YFZtYVyKPpiEUDM2fOJCcn\np0FZYWEhhYWFLd8DERGRfVRxcTHFxcUNygKBQMK34xse/gIc3qjscKIXTTrnNppZKZG7KP4OYGbZ\nRK5lWBCtvwLINbNjYq57mEgkdKzc08bnz5/PyJEj91RFRESk02ruB3VJSQn5+fkJ3Y5veJgP/MXM\nbgCeJhIKLgEujalzD3CTmX0IfALMAT4DFgE4594zsyXAr83sCiANuA8o1p0WIiIi7Z9XeHDOvW1m\nZwBzgZuBjcBVzrmnYurMM7OeROZtyAXeBKY458IxqzoXuJ/IXRa1wEIit3iKiIhIO+c9PbVz7mXg\n5b3UKQKK9rD8a+D83S0XERGR9st7emoRERHp3BQeRERExIvCg4iIiHhReBAREREvCg8iIiLixftu\nCxFJvfLycoLBYFxts7Ky6NWrV4J7JCKdicKDSAdTXl7OHUV3Ubm1Jq722Qf0YFbRNQoQIhI3hQeR\nDiYYDFK5tYahmaPI6Znt1TZQXck/t75NMBhUeBCRuCk8iHRQOT2zOSCnt3/DqsT3RUQ6F10wKSIi\nIl4UHkRERMSLwoOIiIh4UXgQERERLwoPIiIi4kXhQURERLwoPIiIiIgXhQcRERHxovAgIiIiXhQe\nRERExIvCg4iIiHhReBAREREvCg8iIiLiReFBREREvCg8iIiIiBev8GBmt5hZbaPX+pjlPcxsgZmV\nmdk2M1toZn0arWOAmb1kZlVmVmpm88xMIUZERKSD6BZHm38AEwGLvt8Zs+weYApwFlAJLACeBQoA\noiHhZeALYAxwEPA4EAZuiqMvItJK5eXlBIPBuNpmZWXRq1evBPdIRNq7eMLDTufc1saFZpYNXAyc\n45x7PVp2EbDBzI5zzq0CJgNHABOcc2XAOjO7GZhrZkXOuZ2N1ysibae8vJw7iu6icmtNXO2zD+jB\nrKJrFCBEOpl4wsMQM/sc2A6sAG5wzn0K5EfXt6yuonPufTPbBIwFVhEZbVgXDQ51lgAPAkcBa+Pa\nCxGJSzAYpHJrDUMzR5HTM9urbaC6kn9ufZtgMKjwINLJ+IaHvwIXAu8DBwJFwBtmNhzoB4Sdc5WN\n2myOLiP67+ZmltctU3gQSYGcntkckNPbv2FV4vsiIu2fV3hwzi2JefsPM1sF/As4m8hIRHMMcC1Z\n/d4qzJw5k5ycnAZlhYWFFBYWtmD1IiIi+7bi4mKKi4sblAUCgYRvJ57TFvWccwEz+ycwGPgzkGZm\n2Y1GH/rw79GFUuDYRqvpG/238YhEE/Pnz2fkyJGt6bKIiMg+q7kf1CUlJeTn5yd0O626RdLMsoDD\niNw9sZrInRcTY5YPBQYCy6NFK4BvmFns+OgkIACsR0RERNo9r5EHM/sF8EcipyoOBn5GJDA85Zyr\nNLNHgLvNrALYBtwL/MU597foKpYSCQmPm9ksItdNzAHud87tSMQOiYiISNvyPW3RH/g9sD+wFXgL\nGOOc+yq0gSPhAAAVtElEQVS6fCawC1gI9AAWA1fWNXbO1ZrZVCJ3VywncrnVo8At8e9CfEKhEOFw\n2LtdWloaGRkZbdAjERGRjsH3gsk9XpnonKsBfhh97a7Op8BUn+0mWigU4tVFi9hVUeHdtmteHhNO\nO00BQkREOq1WXTDZUYXDYXZVVDAyI4Os9PQWtwtu305JRQXhcFjhQUREOq1OGR7qZKWnk5OZ6dco\nFGqbzoiIiHQQeiCViIiIeFF4EBERES8KDyIiIuJF4UFERES8KDyIiIiIl057t0VNOEygutqrTaC6\nmpo4JpYSERHZl3TK8BAKhVi5diObLJuMtLSWtwuH+dJVckIo1OTpniIiIp1FpwwP4XCYYKgb6Tkj\nyMvKa3E7t62CYGBFXNNai3QW8U79Dpr+XaSj6JThoU56WgaZ6Vktrl9ds70NeyPS8YVCIZ55ZjFl\nZfE956537+5Mm3aKAoRIO9epw4OIJFYgEGDl6+/QLTyYtO5+ASC8I8RHaf9g0qSxCg8i7ZzCg4gk\nTDgcpra6msNzc+jlcUoQoDxYwbqvq3VaUKQDUHgQkYRL796dTI+HzgFU13Rvo96ISKJpngcRERHx\novAgIiIiXhQeRERExIvCg4iIiHhReBAREREvCg8iIiLiReFBREREvCg8iIiIiBeFBxEREfHSqvBg\nZjeYWa2Z3R1T1sPMFphZmZltM7OFZtanUbsBZvaSmVWZWamZzTMzBRkREZEOIO4vbDM7FrgUWNto\n0T3Ad4CzgPHAQcCzMe26AC8TmRp7DDAduBCYHW9fREREJHniCg9mlgU8AVwCfB1Tng1cDMx0zr3u\nnHsHuAg43syOi1abDBwBnOecW+ecWwLcDFxpZnrWhoiISDsX78jDAuCPzrlXGpWPIjKisKyuwDn3\nPrAJGBstGgOsc86VxbRbAuQAR8XZHxEREUkS71/6ZnYO8E0iQaGxvkDYOVfZqHwz0C/63/2i7xsv\nr1vW+DSIiHRSoVAo7kd0p6WlkZGRkeAeiQh4hgcz60/kmoZvO+d2+DQFXAvqtaSOiHQCoVCIZ55Z\nTFmZz0fNv/Xu3Z1p005RgBBpA74jD/nAAcBqM7NoWVdgvJn9ADgF6GFm2Y1GH/rw79GFUuDYRuvt\nG/238YhEAzNnziQnJ6dBWWFhIYWFhZ67ISLtXSAQYOXr79AtPJi07n4BILwjxEdp/2DSpLEKD9Kp\nFBcXU1xc3KAsEAgkfDu+4eHPwDcalT0KbADmAp8DO4CJwPMAZjYUGAgsj9ZfAdxoZr1jrnuYBASA\n9Xva+Pz58xk5cqRnl0WkIwqHw9RWV3N4bg69svK82pYHK1j3dXXcpzxEOqrmflCXlJSQn5+f0O14\nhQfnXBWNvuDNrAr4yjm3Ifr+EeBuM6sAtgH3An9xzv0t2mRpdB2Pm9ks4EBgDnC/56kQEekE0rt3\nJzM93atNdU33NuqNiEAcF0w2o/F1CjOBXcBCoAewGLiyvrJztWY2FXiQyGhEFZHRi1sS0BcRERFp\nY60OD865kxu9rwF+GH3trs2nwNTWbltERESST1NCi4iIiBeFBxEREfGi8CAiIiJeFB5ERETEi8KD\niIiIeFF4EBERES8KDyIiIuJF4UFERES8KDyIiIiIF4UHERER8ZKIZ1uIiHQIoVAo7idtpqWl6fHe\nIlEKDyLSKYRCIZ55ZjFlZfE9vLd37+5Mm3aKAoQICg8i0kkEAgFWvv4O3cKDSevuFwDCO0J8lPYP\nJk0aq/AggsKDiHQS4XCY2upqDs/NoVdWnlfb8mAF676ujvuUh8i+RuFBRDqV9O7dyUxP92pTXdO9\njXoj0jHpbgsRERHxovAgIiIiXhQeRERExIvCg4iIiHhReBAREREvCg8iIiLiReFBREREvCg8iIiI\niBeFBxEREfHiFR7M7HIzW2tmgehruZmdErO8h5ktMLMyM9tmZgvNrE+jdQwws5fMrMrMSs1snpkp\nxIiIiHQQvtNTfwrMAj6Mvr8QWGRm33TObQDuAaYAZwGVwALgWaAAIBoSXga+AMYABwGPA2Hgptbs\niIhIspWXlxMMBr3bZWVl0atXrzbokUhyeIUH59xLjYpuMrMrgDFm9jlwMXCOc+51ADO7CNhgZsc5\n51YBk4EjgAnOuTJgnZndDMw1syLn3M7W7pCISDKUl5dzR9FdVG6t8W6bfUAPZhVdowAhHVbcD8aK\njiKcDfQEVgD50fUtq6vjnHvfzDYBY4FVREYb1kWDQ50lwIPAUcDaePsjIpJMwWCQyq01DM0cRU7P\n7Ba3C1RX8s+tbxMMBhUepMPyDg9mNpxIWEgHtgFnOOfeM7NjgLBzrrJRk81Av+h/94u+b7y8bpnC\ng4h0KDk9szkgp7dfo6q26YtIssQz8vAeMALIJXJtw+/MbPwe6hvgWrDevdaZOXMmOTk5DcoKCwsp\nLCxswepFRET2bcXFxRQXFzcoCwQCCd+Od3iIXpfwcfRtiZkdB1wFPA2kmVl2o9GHPvx7dKEUOLbR\nKvtG/208ItHE/PnzGTlypG+XRUREOoXmflCXlJSQn5+f0O0k4hbJLkAPYDWwE5hYt8DMhgIDgeXR\nohXAN8wsdoxvEhAA1iegLyIiItLGvEYezOw24H+J3LK5H3AecCIwyTlXaWaPAHebWQWR6yHuBf7i\nnPtbdBVLiYSEx81sFnAgMAe43zm3IxE7JCIiIm3L97RFX+B3RL70A8DfiQSHV6LLZwK7gIVERiMW\nA1fWNXbO1ZrZVCJ3VywnctnQo8At8e+CiIiIJJPvPA+X7GV5DfDD6Gt3dT4FpvpsV0RERNoPTQst\nIiIiXhQeRERExIvCg4iIiHhReBAREREvcT/bQkREEifeJ3SCntIpyafwICKSYq15QifoKZ2SfAoP\nIiIpFu8TOkFP6ZTU6FDhYdu2bXE94CMtLY2MjIw26JGISOLE9YRO0FM6Jek6VHhYvPgd1q9v/MTv\nvcvL68ppp01QgBAREUmADhUeevQ4gry8sV5ttm8PUlFRQjgcVngQERFJgA4WHjLIzMzxbhcKtUFn\nREREOinN8yAiIiJeFB5ERETEi8KDiIiIeFF4EBERES8KDyIiIuKlQ91tISIiLaNnZUhbUngQEdnH\n6FkZ0tYUHkRE9jF6Voa0NYUHEZF9lJ6VIW1FF0yKiIiIF4UHERER8aLwICIiIl68woOZ3WBmq8ys\n0sw2m9nzZja0UZ0eZrbAzMrMbJuZLTSzPo3qDDCzl8ysysxKzWyemSnIiIiIdAC+X9gFwH3AaOBb\nQHdgqZnFPuv6HuA7wFnAeOAg4Nm6hdGQ8DKRizXHANOBC4HZce2BiIiIJJXX3RbOuVNj35vZhcAW\nIB94y8yygYuBc5xzr0frXARsMLPjnHOrgMnAEcAE51wZsM7MbgbmmlmRc25na3dKRERE2k5rTxXk\nAg4oj77PJxJIltVVcM69D2wCxkaLxgDrosGhzhIgBziqlf0RERGRNhb3PA9mZkROUbzlnFsfLe4H\nhJ1zlY2qb44uq6uzuZnldcvWxtsnERFJPE11LY21ZpKoB4AjgRNaUNeIjFDsTUvqiIhIkmiqa2lO\nXOHBzO4HTgUKnHNfxCwqBdLMLLvR6EMf/j26UAoc22iVfaP/Nh6RaOB3v7uR7Oz9G5QVFBRy4omF\nnnsgIiItoamuO5bi4mKKi4sblAUCgYRvxzs8RIPDacCJzrlNjRavBnYCE4Hno/WHAgOB5dE6K4Ab\nzax3zHUPk4AAsJ49OPvsnzJsWNOBjqqq3c+lWl1dxY4d4b3slYiI7Immuu4YCgsLKSxs+IO6pKSE\n/Pz8hG7HKzyY2QNAIfA9oMrM6kYMAs657c65SjN7BLjbzCqAbcC9wF+cc3+L1l1KJCQ8bmazgAOB\nOcD9zrkde9r+xnfWULtll0+X2V5TRbWtIxQ6npycHK+2IiIi0pTvyMPlRK5LeK1R+UXA76L/PRPY\nBSwEegCLgSvrKjrnas1sKvAgkdGIKuBR4Ja9bfygtO4clZXl1eFydrDu62rCYY0+iIiIJILvPA97\nvbXTOVcD/DD62l2dT4GpPtsG6NGtG5np6V5tqmu6+25GRERE9kBTQouIiIiX1tyqKSIi4i0UCsV9\nKjktLY2MjIy9V5Q2pfAgIiJJEwqFWLToVSoq/C5+r5OX15XTTpugAJFiCg8iIpI04XCYLVtCdOt2\nNOnpmV5tt2+vYsuWvxMOhxUeUkzhQUREkiYUCvH+2rX0dLWk9/AMD7r1vt1QeBARkaQJh8PUVldz\naG4avXTrfYel8CAiIkmX3r27br3vwHSrpoiIiHhReBAREREvCg8iIiLiReFBREREvCg8iIiIiBeF\nBxEREfGi8CAiIiJeFB5ERETEi8KDiIiIeFF4EBERES8KDyIiIuJF4UFERES8KDyIiIiIF4UHERER\n8aLwICIiIl4UHkRERMSLwoOIiIh48Q4PZlZgZn8ws8/NrNbMvtdMndlm9oWZVZvZn8xscKPleWb2\npJkFzKzCzH5jZpmt2RERERFJjnhGHjKBNcCVgGu80MxmAT8AZgDHAVXAEjNLi6n2e2AYMBH4DjAe\neCiOvoiIiEiSdfNt4JxbDCwGMDNrpspVwBzn3B+jdS4ANgOnA0+b2TBgMpDvnHsnWueHwEtmdq1z\nrjSuPREREZGkSOg1D2Z2KNAPWFZX5pyrBFYCY6NFY4CKuuAQ9WcioxijE9kfERERSbxEXzDZj0gI\n2NyofHN0WV2dLbELnXO7gPKYOiIiItJOeZ+2iJPRzPURvnWeevPXLC5Z2KCs4Khvc+Lwya3rnYiI\nyD6guLiY4uLiBmWBQCDh20l0eCglEgL60nD0oQ/wTkydPrGNzKwrkEfTEYsGzim4lFFDxiSssyIi\nIvuSwsJCCgsLG5SVlJSQn5+f0O0k9LSFc24jkXAwsa7MzLKJXMuwPFq0Asg1s2Nimk4kEjpWJrI/\nIiIiknjeIw/R+RgGE/myBxhkZiOAcufcp8A9wE1m9iHwCTAH+AxYBOCce8/MlgC/NrMrgDTgPqBY\nd1qIiIi0f/GcthgFvErk+gQH3BUtfwy42Dk3z8x6Epm3IRd4E5jinAvHrONc4H4id1nUAguJ3OIp\nIiIi7Vw88zy8zl5OdzjnioCiPSz/Gjjfd9siIiKSenq2hYiIiHhReBAREREvCg8iIiLiReFBRERE\nvCg8iIiIiBeFBxEREfGi8CAiIiJeFB5ERETEi8KDiIiIeFF4EBERES8KDyIiIuJF4UFERES8KDyI\niIiIF4UHERER8aLwICIiIl4UHkRERMSLwoOIiIh4UXgQERERLwoPIiIi4kXhQURERLwoPIiIiIgX\nhQcRERHxovAgu/XBvzakugudzuv/WJLqLnQ6OubJp8+Wji9l4cHMrjSzjWYWMrO/mtmxqeqLNO/D\nf72X6i50Om+++6dUd6HT0TFPPn22dHwpCQ9m9n3gLuAW4BhgLbDEzHqnoj8iIiLScqkaeZgJPOSc\n+51z7j3gcqAauDhF/REREZEWSnp4MLPuQD6wrK7MOeeAPwNjk90fERER8dMtBdvsDXQFNjcq3wwc\nvps26QAflf7Te2PB7VVsDW1m3bp1lJWVAfDll1+ytXwz74bWkpWemZJ1JWN9rV1XeEdNu+1be/3/\n0Np1fV1Vwdsf/DVp+9pejlsq+9b4mLf1vrbnv9/m1tcWfQvvqOHdTYlZn+zdhg31F6imJ2qdFvnR\nnzxmdiDwOTDWObcypnwecIJzblwzbc4FnkxeL0VERPY55znnfp+IFaVi5KEM2AX0bVTeh6ajEXWW\nAOcBnwDb26xnIiIi+5504BAi36UJkfSRBwAz+yuw0jl3VfS9AZuAe51zv0h6h0RERKTFUjHyAHA3\n8JiZrQZWEbn7oifwaIr6IyIiIi2UkvDgnHs6OqfDbCKnL9YAk51zW1PRHxEREWm5lJy2EBERkY5L\nz7YQERERLwoPIiIi4qXdhAffB2WZ2TQz2xCtv9bMpiSrr/sKn2NuZtPNrNbMdkX/rTWz6mT2tyMz\nswIz+4OZfR49dt9rQZuTzGy1mW03s3+a2fRk9HVf4XvMzezEmL/t2pi/9z7J6nNHZ2Y3mNkqM6s0\ns81m9ryZDW1BO32exymeY56Iz/N2ER58H5RlZmOB3wO/Br4JvAC8YGZHJqfHHV+cDycLAP1iXv+n\nrfu5D8kkcmHwlcBeLzQys0OAF4lM4z4C+CXwGzP7dtt1cZ/jdcyjHDCEf/+NH+ic29I23dsnFQD3\nAaOBbwHdgaVmlrG7Bvo8bzXvYx7Vqs/zdnHB5G7mffiUyLwP85qp/xTQ0zn3vZiyFcA7zrn/m6Ru\nd2hxHPPpwHznXK/k9nTfY2a1wOnOuT/soc4dwBTn3NExZcVAjnPu1CR0c5/SwmN+IvAKkOecq0xa\n5/Zh0R8jW4Dxzrm3dlNHn+cJ1MJj3urP85SPPMT5oKyx0eWxluyhvsRoxcPJsszsEzPbZGb6ZdC2\nxqC/8VQwYI2ZfWFmS82syXT54iWXyGhO+R7q6PM8sVpyzKGVn+cpDw/s+UFZ/XbTpp9nfWkonmP+\nPpFHpn+PyFThXYDlZnZwW3Wyk9vd33i2mfVIQX86gy+BGcBZwJlERuJeM7NvprRXHVR0NPMe4C3n\n3Po9VNXneYJ4HPNWf56naobJljBafp4ynvrS1G6PoXPur0D9owejw4obgMuIXDchbc+i/+rvvA04\n5/4JxD66969mdhiRGXB1saq/B4AjgePjaKvP8/i06Jgn4vO8PYw8xPOgrFLP+tJQPMe8AefcTuAd\nYHBiuyZRu/sbr3TOhVPQn85qFfob92Zm9wOnAic5577cS3V9nieA5zFvIJ7P85SHB+fcDmA1MLGu\nLDr0MhFYvptmK2LrR307Wi57Eecxb8DMugDDiQz1SuI19zc+Cf2NJ9s30d+4l+iX2GnABOfcphY0\n0ed5K8VxzBu39/48by+nLfb4oCwz+x3wmXPuxmj9XwKvm9mPgZeAQiIXAF6a5H53ZF7H3MxuJjLM\n9SGRC3L+H5Fbe36T9J53QGaWSSTV1516GGRmI4By59ynZvZz4CDnXN3w+K+AH0TvuvgtkQ/X/yDy\ny0JawPeYm9lVwEbgXSKPML4UmEDki0xawMweIPJ5/D2gyszqRhQCzrnt0TqPAZ/r8zwx4jnmCfk8\nd861ixfwf4FPgBCRxDkqZtkrwG8b1T8LeC9a/+9EHqyV8v3oSC+fY04kbGyM1v0C+CNwdKr3oaO8\ngBOBWiKni2Jfv40u/2/glWbarI4e8w+A/0z1fnSkl+8xB66LHucqYCuRu5HGp3o/OtJrN8d7F3BB\nTB19nqf4mCfi87xdzPMgIiIiHUfKr3kQERGRjkXhQURERLwoPIiIiIgXhQcRERHxovAgIiIiXhQe\nRERExIvCg4iIiHhReBAREREvCg8iIiLiReFBREREvCg8iIiIiJf/D0BbCq5xxSKlAAAAAElFTkSu\nQmCC\n",
      "text/plain": [
       "<matplotlib.figure.Figure at 0x7f9e3e28ae48>"
      ]
     },
     "metadata": {},
     "output_type": "display_data"
    }
   ],
   "source": [
    "f = np.array([193,485,664,783,804,805,779,736,684,626,566,508,452,400,351,308,268,233,202,173])\n",
    "task3 = unfold(f, incorrAss=0.23)\n",
    "events = np.random.poisson(np.matmul(task3.ansM,f))\n",
    "D = np.diagflat(np.sort(events,axis=None)[::-1])\n",
    "print(\"gemessenen Ereignisszahlen\",\" wahre Verteilung\")\n",
    "for x in range(len(f)):\n",
    "    print(events[x] , f[x])\n",
    "g_mess = np.random.poisson(np.matmul(task3.ansM,f)) \n",
    "g = np.matmul(task3.ansM,f)\n",
    "plt.bar(np.linspace(0,2,20), f, width=0.08, color =\"red\", alpha=0.3, label=\"wahre\")\n",
    "plt.bar(np.linspace(0,2,20), g, width=0.08, alpha=0.3, label=\"gemessene\")\n",
    "plt.legend(loc=\"best\")\n",
    "plt.show()"
   ]
  },
  {
   "cell_type": "markdown",
   "metadata": {},
   "source": [
    "## c)"
   ]
  },
  {
   "cell_type": "code",
   "execution_count": 6,
   "metadata": {
    "collapsed": false
   },
   "outputs": [
    {
     "name": "stdout",
     "output_type": "stream",
     "text": [
      "[[  5.82490144e-01  -2.24791011e-01  -3.01507323e-03   1.96880394e-02\n",
      "    2.32500671e-02  -2.32643224e-01  -1.69342032e-02   4.76657898e-03\n",
      "    9.46095345e-03   1.73632358e-02   1.71273253e-02   1.44125198e-02\n",
      "    6.87676996e-03  -2.44605772e-04  -6.10660750e-03  -7.49826173e-03\n",
      "   -5.16414535e-03   2.66451391e-04   5.88417563e-03   9.54175228e-03]\n",
      " [ -2.24791011e-01   5.92420868e-01  -2.16779302e-01   1.35437326e-03\n",
      "    1.65705671e-02  -1.29457976e-02   3.82411683e-03   4.96149066e-03\n",
      "    1.14460790e-02   1.25784257e-02   1.29937893e-02   9.11561607e-03\n",
      "    4.48179550e-03  -9.75443320e-04  -4.23301140e-03  -5.16414535e-03\n",
      "   -2.99879894e-03   7.53011446e-04   4.81535101e-03   7.30290617e-03]\n",
      " [ -3.01507323e-03  -2.16779302e-01   5.96790315e-01  -2.19896774e-01\n",
      "   -5.32512674e-03   1.16763301e-02   8.94989629e-03   1.05036168e-02\n",
      "    8.07896293e-03   7.07663249e-03   4.56671645e-03   3.06306496e-03\n",
      "    1.26340279e-03   4.93389873e-04  -3.29811668e-05   2.66451391e-04\n",
      "    7.53011446e-04   1.55010068e-03   2.17174199e-03   2.57650490e-03]\n",
      " [  1.96880394e-02   1.35437326e-03  -2.19896774e-01   5.90110815e-01\n",
      "   -2.41792468e-01   1.88806206e-02   1.83558301e-02   1.20673686e-02\n",
      "    6.13417034e-03   6.72536645e-05  -2.85409184e-03  -3.28549683e-03\n",
      "   -9.25340671e-04   2.20586494e-03   4.99285266e-03   5.88417563e-03\n",
      "    4.81535101e-03   2.17174199e-03  -6.88745427e-04  -2.55465928e-03]\n",
      " [  2.32500671e-02   1.65705671e-02  -5.32512674e-03  -2.41792468e-01\n",
      "    3.53643473e-01   2.63675394e-02   2.19980929e-02   1.39863836e-02\n",
      "    4.05565929e-03  -3.79655399e-03  -7.78495962e-03  -6.84249747e-03\n",
      "   -2.34303468e-03   3.57412212e-03   8.12302174e-03   9.54175228e-03\n",
      "    7.30290617e-03   2.57650490e-03  -2.55465928e-03  -5.81990961e-03]\n",
      " [ -2.32643224e-01  -1.29457976e-02   1.16763301e-02   1.88806206e-02\n",
      "    2.63675394e-02   5.78501738e-01  -2.31700762e-01  -1.24347404e-02\n",
      "    1.06837358e-02   1.40098531e-02   1.87819663e-02   1.48884792e-02\n",
      "    9.68611856e-03   1.74560578e-03  -3.50985610e-03  -6.10660750e-03\n",
      "   -4.23301140e-03  -3.29811668e-05   4.99285266e-03   8.12302174e-03]\n",
      " [ -1.69342032e-02   3.82411683e-03   8.94989629e-03   1.83558301e-02\n",
      "    2.19980929e-02  -2.31700762e-01   5.83001201e-01  -2.25783605e-01\n",
      "   -7.88584078e-03   1.21024663e-02   1.17710070e-02   1.40555650e-02\n",
      "    9.75731504e-03   6.42086823e-03   1.74560578e-03  -2.44605772e-04\n",
      "   -9.75443320e-04   4.93389873e-04   2.20586494e-03   3.57412212e-03]\n",
      " [  4.76657898e-03   4.96149066e-03   1.05036168e-02   1.20673686e-02\n",
      "    1.39863836e-02  -1.24347404e-02  -2.25783605e-01   5.87550101e-01\n",
      "   -2.24364875e-01  -1.01246869e-02   7.37606505e-03   6.63984278e-03\n",
      "    1.07903147e-02   9.75731504e-03   9.68611856e-03   6.87676996e-03\n",
      "    4.48179550e-03   1.26340279e-03  -9.25340671e-04  -2.34303468e-03]\n",
      " [  9.46095345e-03   1.14460790e-02   8.07896293e-03   6.13417034e-03\n",
      "    4.05565929e-03   1.06837358e-02  -7.88584078e-03  -2.24364875e-01\n",
      "    5.85311255e-01  -2.29091276e-01  -1.52558511e-02   4.11081472e-03\n",
      "    6.63984278e-03   1.40555650e-02   1.48884792e-02   1.44125198e-02\n",
      "    9.11561607e-03   3.06306496e-03  -3.28549683e-03  -6.84249747e-03]\n",
      " [  1.73632358e-02   1.25784257e-02   7.07663249e-03   6.72536645e-05\n",
      "   -3.79655399e-03   1.40098531e-02   1.21024663e-02  -1.01246869e-02\n",
      "   -2.29091276e-01   5.80180090e-01  -2.32356527e-01  -1.52558511e-02\n",
      "    7.37606505e-03   1.17710070e-02   1.87819663e-02   1.71273253e-02\n",
      "    1.29937893e-02   4.56671645e-03  -2.85409184e-03  -7.78495962e-03]\n",
      " [  1.71273253e-02   1.29937893e-02   4.56671645e-03  -2.85409184e-03\n",
      "   -7.78495962e-03   1.87819663e-02   1.17710070e-02   7.37606505e-03\n",
      "   -1.52558511e-02  -2.32356527e-01   5.80180090e-01  -2.29091276e-01\n",
      "   -1.01246869e-02   1.21024663e-02   1.40098531e-02   1.73632358e-02\n",
      "    1.25784257e-02   7.07663249e-03   6.72536645e-05  -3.79655399e-03]\n",
      " [  1.44125198e-02   9.11561607e-03   3.06306496e-03  -3.28549683e-03\n",
      "   -6.84249747e-03   1.48884792e-02   1.40555650e-02   6.63984278e-03\n",
      "    4.11081472e-03  -1.52558511e-02  -2.29091276e-01   5.85311255e-01\n",
      "   -2.24364875e-01  -7.88584078e-03   1.06837358e-02   9.46095345e-03\n",
      "    1.14460790e-02   8.07896293e-03   6.13417034e-03   4.05565929e-03]\n",
      " [  6.87676996e-03   4.48179550e-03   1.26340279e-03  -9.25340671e-04\n",
      "   -2.34303468e-03   9.68611856e-03   9.75731504e-03   1.07903147e-02\n",
      "    6.63984278e-03   7.37606505e-03  -1.01246869e-02  -2.24364875e-01\n",
      "    5.87550101e-01  -2.25783605e-01  -1.24347404e-02   4.76657898e-03\n",
      "    4.96149066e-03   1.05036168e-02   1.20673686e-02   1.39863836e-02]\n",
      " [ -2.44605772e-04  -9.75443320e-04   4.93389873e-04   2.20586494e-03\n",
      "    3.57412212e-03   1.74560578e-03   6.42086823e-03   9.75731504e-03\n",
      "    1.40555650e-02   1.17710070e-02   1.21024663e-02  -7.88584078e-03\n",
      "   -2.25783605e-01   5.83001201e-01  -2.31700762e-01  -1.69342032e-02\n",
      "    3.82411683e-03   8.94989629e-03   1.83558301e-02   2.19980929e-02]\n",
      " [ -6.10660750e-03  -4.23301140e-03  -3.29811668e-05   4.99285266e-03\n",
      "    8.12302174e-03  -3.50985610e-03   1.74560578e-03   9.68611856e-03\n",
      "    1.48884792e-02   1.87819663e-02   1.40098531e-02   1.06837358e-02\n",
      "   -1.24347404e-02  -2.31700762e-01   5.78501738e-01  -2.32643224e-01\n",
      "   -1.29457976e-02   1.16763301e-02   1.88806206e-02   2.63675394e-02]\n",
      " [ -7.49826173e-03  -5.16414535e-03   2.66451391e-04   5.88417563e-03\n",
      "    9.54175228e-03  -6.10660750e-03  -2.44605772e-04   6.87676996e-03\n",
      "    1.44125198e-02   1.71273253e-02   1.73632358e-02   9.46095345e-03\n",
      "    4.76657898e-03  -1.69342032e-02  -2.32643224e-01   5.82490144e-01\n",
      "   -2.24791011e-01  -3.01507323e-03   1.96880394e-02   2.32500671e-02]\n",
      " [ -5.16414535e-03  -2.99879894e-03   7.53011446e-04   4.81535101e-03\n",
      "    7.30290617e-03  -4.23301140e-03  -9.75443320e-04   4.48179550e-03\n",
      "    9.11561607e-03   1.29937893e-02   1.25784257e-02   1.14460790e-02\n",
      "    4.96149066e-03   3.82411683e-03  -1.29457976e-02  -2.24791011e-01\n",
      "    5.92420868e-01  -2.16779302e-01   1.35437326e-03   1.65705671e-02]\n",
      " [  2.66451391e-04   7.53011446e-04   1.55010068e-03   2.17174199e-03\n",
      "    2.57650490e-03  -3.29811668e-05   4.93389873e-04   1.26340279e-03\n",
      "    3.06306496e-03   4.56671645e-03   7.07663249e-03   8.07896293e-03\n",
      "    1.05036168e-02   8.94989629e-03   1.16763301e-02  -3.01507323e-03\n",
      "   -2.16779302e-01   5.96790315e-01  -2.19896774e-01  -5.32512674e-03]\n",
      " [  5.88417563e-03   4.81535101e-03   2.17174199e-03  -6.88745427e-04\n",
      "   -2.55465928e-03   4.99285266e-03   2.20586494e-03  -9.25340671e-04\n",
      "   -3.28549683e-03  -2.85409184e-03   6.72536645e-05   6.13417034e-03\n",
      "    1.20673686e-02   1.83558301e-02   1.88806206e-02   1.96880394e-02\n",
      "    1.35437326e-03  -2.19896774e-01   5.90110815e-01  -2.41792468e-01]\n",
      " [  9.54175228e-03   7.30290617e-03   2.57650490e-03  -2.55465928e-03\n",
      "   -5.81990961e-03   8.12302174e-03   3.57412212e-03  -2.34303468e-03\n",
      "   -6.84249747e-03  -7.78495962e-03  -3.79655399e-03   4.05565929e-03\n",
      "    1.39863836e-02   2.19980929e-02   2.63675394e-02   2.32500671e-02\n",
      "    1.65705671e-02  -5.32512674e-03  -2.41792468e-01   3.53643473e-01]]\n"
     ]
    }
   ],
   "source": [
    "wert , vec = np.linalg.eig(task3.ansM)\n",
    "test = np.argsort(wert)[::-1]\n",
    "D = np.diagflat(wert[test])\n",
    "U = vec[test]\n",
    "print(np.matmul(U, np.matmul(D, np.linalg.inv(U))))"
   ]
  },
  {
   "cell_type": "markdown",
   "metadata": {},
   "source": [
    "## d)"
   ]
  },
  {
   "cell_type": "code",
   "execution_count": 13,
   "metadata": {
    "collapsed": false
   },
   "outputs": [
    {
     "name": "stdout",
     "output_type": "stream",
     "text": [
      "[[  8.14040741e+00   0.00000000e+00   0.00000000e+00   0.00000000e+00\n",
      "    0.00000000e+00   0.00000000e+00   0.00000000e+00   0.00000000e+00\n",
      "    0.00000000e+00   0.00000000e+00   0.00000000e+00   0.00000000e+00\n",
      "    0.00000000e+00   0.00000000e+00   0.00000000e+00   0.00000000e+00\n",
      "    0.00000000e+00   0.00000000e+00   0.00000000e+00   0.00000000e+00]\n",
      " [  0.00000000e+00   3.85037924e+01   0.00000000e+00   0.00000000e+00\n",
      "    0.00000000e+00   0.00000000e+00   0.00000000e+00   0.00000000e+00\n",
      "    0.00000000e+00   0.00000000e+00   0.00000000e+00   0.00000000e+00\n",
      "    0.00000000e+00   0.00000000e+00   0.00000000e+00   0.00000000e+00\n",
      "    0.00000000e+00   0.00000000e+00   0.00000000e+00   0.00000000e+00]\n",
      " [  0.00000000e+00   0.00000000e+00   5.66759451e+01   0.00000000e+00\n",
      "    0.00000000e+00   0.00000000e+00   0.00000000e+00   0.00000000e+00\n",
      "    0.00000000e+00   0.00000000e+00   0.00000000e+00   0.00000000e+00\n",
      "    0.00000000e+00   0.00000000e+00   0.00000000e+00   0.00000000e+00\n",
      "    0.00000000e+00   0.00000000e+00   0.00000000e+00   0.00000000e+00]\n",
      " [  0.00000000e+00   0.00000000e+00   0.00000000e+00   5.12480153e+01\n",
      "    0.00000000e+00   0.00000000e+00   0.00000000e+00   0.00000000e+00\n",
      "    0.00000000e+00   0.00000000e+00   0.00000000e+00   0.00000000e+00\n",
      "    0.00000000e+00   0.00000000e+00   0.00000000e+00   0.00000000e+00\n",
      "    0.00000000e+00   0.00000000e+00   0.00000000e+00   0.00000000e+00]\n",
      " [  0.00000000e+00   0.00000000e+00   0.00000000e+00   0.00000000e+00\n",
      "    1.17743074e+01   0.00000000e+00   0.00000000e+00   0.00000000e+00\n",
      "    0.00000000e+00   0.00000000e+00   0.00000000e+00   0.00000000e+00\n",
      "    0.00000000e+00   0.00000000e+00   0.00000000e+00   0.00000000e+00\n",
      "    0.00000000e+00   0.00000000e+00   0.00000000e+00   0.00000000e+00]\n",
      " [  0.00000000e+00   0.00000000e+00   0.00000000e+00   0.00000000e+00\n",
      "    0.00000000e+00   6.39083564e+01   0.00000000e+00   0.00000000e+00\n",
      "    0.00000000e+00   0.00000000e+00   0.00000000e+00   0.00000000e+00\n",
      "    0.00000000e+00   0.00000000e+00   0.00000000e+00   0.00000000e+00\n",
      "    0.00000000e+00   0.00000000e+00   0.00000000e+00   0.00000000e+00]\n",
      " [  0.00000000e+00   0.00000000e+00   0.00000000e+00   0.00000000e+00\n",
      "    0.00000000e+00   0.00000000e+00   4.50431224e+01   0.00000000e+00\n",
      "    0.00000000e+00   0.00000000e+00   0.00000000e+00   0.00000000e+00\n",
      "    0.00000000e+00   0.00000000e+00   0.00000000e+00   0.00000000e+00\n",
      "    0.00000000e+00   0.00000000e+00   0.00000000e+00   0.00000000e+00]\n",
      " [  0.00000000e+00   0.00000000e+00   0.00000000e+00   0.00000000e+00\n",
      "    0.00000000e+00   0.00000000e+00   0.00000000e+00   3.23479244e-30\n",
      "    0.00000000e+00   0.00000000e+00   0.00000000e+00   0.00000000e+00\n",
      "    0.00000000e+00   0.00000000e+00   0.00000000e+00   0.00000000e+00\n",
      "    0.00000000e+00   0.00000000e+00   0.00000000e+00   0.00000000e+00]\n",
      " [  0.00000000e+00   0.00000000e+00   0.00000000e+00   0.00000000e+00\n",
      "    0.00000000e+00   0.00000000e+00   0.00000000e+00   0.00000000e+00\n",
      "    1.86735249e+01   0.00000000e+00   0.00000000e+00   0.00000000e+00\n",
      "    0.00000000e+00   0.00000000e+00   0.00000000e+00   0.00000000e+00\n",
      "    0.00000000e+00   0.00000000e+00   0.00000000e+00   0.00000000e+00]\n",
      " [  0.00000000e+00   0.00000000e+00   0.00000000e+00   0.00000000e+00\n",
      "    0.00000000e+00   0.00000000e+00   0.00000000e+00   0.00000000e+00\n",
      "    0.00000000e+00   3.13000000e+01   0.00000000e+00   0.00000000e+00\n",
      "    0.00000000e+00   0.00000000e+00   0.00000000e+00   0.00000000e+00\n",
      "    0.00000000e+00   0.00000000e+00   0.00000000e+00   0.00000000e+00]\n",
      " [  0.00000000e+00   0.00000000e+00   0.00000000e+00   0.00000000e+00\n",
      "    0.00000000e+00   0.00000000e+00   0.00000000e+00   0.00000000e+00\n",
      "    0.00000000e+00   0.00000000e+00   2.38729046e+01   0.00000000e+00\n",
      "    0.00000000e+00   0.00000000e+00   0.00000000e+00   0.00000000e+00\n",
      "    0.00000000e+00   0.00000000e+00   0.00000000e+00   0.00000000e+00]\n",
      " [  0.00000000e+00   0.00000000e+00   0.00000000e+00   0.00000000e+00\n",
      "    0.00000000e+00   0.00000000e+00   0.00000000e+00   0.00000000e+00\n",
      "    0.00000000e+00   0.00000000e+00   0.00000000e+00   4.85096834e+00\n",
      "    0.00000000e+00   0.00000000e+00   0.00000000e+00   0.00000000e+00\n",
      "    0.00000000e+00   0.00000000e+00   0.00000000e+00   0.00000000e+00]\n",
      " [  0.00000000e+00   0.00000000e+00   0.00000000e+00   0.00000000e+00\n",
      "    0.00000000e+00   0.00000000e+00   0.00000000e+00   0.00000000e+00\n",
      "    0.00000000e+00   0.00000000e+00   0.00000000e+00   0.00000000e+00\n",
      "    6.61938675e+00   0.00000000e+00   0.00000000e+00   0.00000000e+00\n",
      "    0.00000000e+00   0.00000000e+00   0.00000000e+00   0.00000000e+00]\n",
      " [  0.00000000e+00   0.00000000e+00   0.00000000e+00   0.00000000e+00\n",
      "    0.00000000e+00   0.00000000e+00   0.00000000e+00   0.00000000e+00\n",
      "    0.00000000e+00   0.00000000e+00   0.00000000e+00   0.00000000e+00\n",
      "    0.00000000e+00   3.90211303e+01   0.00000000e+00   0.00000000e+00\n",
      "    0.00000000e+00   0.00000000e+00   0.00000000e+00   0.00000000e+00]\n",
      " [  0.00000000e+00   0.00000000e+00   0.00000000e+00   0.00000000e+00\n",
      "    0.00000000e+00   0.00000000e+00   0.00000000e+00   0.00000000e+00\n",
      "    0.00000000e+00   0.00000000e+00   0.00000000e+00   0.00000000e+00\n",
      "    0.00000000e+00   0.00000000e+00   5.14027599e+00   0.00000000e+00\n",
      "    0.00000000e+00   0.00000000e+00   0.00000000e+00   0.00000000e+00]\n",
      " [  0.00000000e+00   0.00000000e+00   0.00000000e+00   0.00000000e+00\n",
      "    0.00000000e+00   0.00000000e+00   0.00000000e+00   0.00000000e+00\n",
      "    0.00000000e+00   0.00000000e+00   0.00000000e+00   0.00000000e+00\n",
      "    0.00000000e+00   0.00000000e+00   0.00000000e+00   1.54000000e+01\n",
      "    0.00000000e+00   0.00000000e+00   0.00000000e+00   0.00000000e+00]\n",
      " [  0.00000000e+00   0.00000000e+00   0.00000000e+00   0.00000000e+00\n",
      "    0.00000000e+00   0.00000000e+00   0.00000000e+00   0.00000000e+00\n",
      "    0.00000000e+00   0.00000000e+00   0.00000000e+00   0.00000000e+00\n",
      "    0.00000000e+00   0.00000000e+00   0.00000000e+00   0.00000000e+00\n",
      "    1.94834727e+01   0.00000000e+00   0.00000000e+00   0.00000000e+00]\n",
      " [  0.00000000e+00   0.00000000e+00   0.00000000e+00   0.00000000e+00\n",
      "    0.00000000e+00   0.00000000e+00   0.00000000e+00   0.00000000e+00\n",
      "    0.00000000e+00   0.00000000e+00   0.00000000e+00   0.00000000e+00\n",
      "    0.00000000e+00   0.00000000e+00   0.00000000e+00   0.00000000e+00\n",
      "    0.00000000e+00   1.16500000e+01   0.00000000e+00   0.00000000e+00]\n",
      " [  0.00000000e+00   0.00000000e+00   0.00000000e+00   0.00000000e+00\n",
      "    0.00000000e+00   0.00000000e+00   0.00000000e+00   0.00000000e+00\n",
